0.0005478858947753906 0.04586559924678202 -0.04133910736870905 0.11627526666225396 
0.0005147457122802734 0.08455350694652308 -0.015517468987929828 0.10818902818914733 
0.0005648136138916016 0.022765396644644387 -0.03382050460286545 0.036850914020494674 
0.0005991458892822266 0.05763158379700761 -0.05148735062120413 -0.00013513390066810516 
0.0006239414215087891 0.01313036503814935 -0.00983303578494299 0.017536995942840417 
0.0009553432464599609 0.0449113140806181 -0.004306063108741265 -0.02379060583823467 
0.0005030632019042969 0.017325647564771618 -0.009687887941086881 -0.002208105259101867 
0.0005035400390625 0.025975380914531554 0.008723245702111138 -0.001619634071863718 
0.0004684925079345703 0.03561635514088901 -0.033850192053084704 0.01496909082753728 
0.0005400180816650391 0.03162874330104226 -0.01979122171093617 -0.02545121643762549 
0.0004868507385253906 0.007204606555227144 -0.032324903746540734 -0.014708446994309288 
0.0005309581756591797 -0.004161444054853414 -0.053704422528549234 -0.05558766626544376 
0.0004706382751464844 0.007333597829244809 -0.05568225905996904 -0.007488754249328489 
0.0005025863647460938 0.03642971076818324 0.03262296248515639 -0.003862741167927286 
0.0004684925079345703 0.033173775936097716 -0.004779060792642564 0.024328431203628487 
0.0004749298095703125 0.018594785083656085 -0.012348251661837395 -0.010520778244215157 
0.0005052089691162109 0.038772388929288804 -0.010025235357642437 0.0026210240691126874 
0.0005431175231933594 -0.039304673825057534 0.004141102478153691 -0.04343052582021545 
0.0004622936248779297 0.04644459529091094 -0.01687739997298765 0.005590162721939462 
0.0004723072052001953 0.05403420231216427 -0.036734668025721895 -0.0023228973315609913 
0.0004353523254394531 0.018451367220723824 -0.035086491473231174 -0.013935226958014635 
0.0005409717559814453 -0.027115571028488272 -0.08331348108857739 -0.053367889364694276 
0.0004038810729980469 0.0594690975062202 -0.05097779839705474 0.012539420078959918 
0.0004115104675292969 0.04826343850787551 0.012214485681544485 0.014522496208257074 
0.0003981590270996094 0.02336194557447957 -0.02028245146611507 -0.01938742898823831 
0.0004413127899169922 0.033920219281436736 -0.06167626422376982 -0.0030710289522242196 
0.000438690185546875 0.035031346588136 -0.04234929021425682 0.00585709117601918 
0.00044727325439453125 -0.01527855058497729 -0.04415984510410009 -0.0330780891958653 
0.00037169456481933594 0.03787904082879079 0.003784637105166855 -0.001954171811820782 
0.0004086494445800781 0.06588770810741917 0.030236599646744633 0.014467874229927347 
0.0003619194030761719 0.1046463876664745 -0.04761528650921365 0.027845829416828893 
0.0003161430358886719 0.002353522630301086 -0.01706371919672689 0.0015723237423563852 
0.00033211708068847656 0.0692984794462439 0.01512276482474606 0.011287485657021534 
0.00036525726318359375 0.11162579248987159 0.022470278889590745 0.029342462899255572 
0.00032210350036621094 0.06661721524988917 0.012696703319484914 0.033615612439757525 
0.0003037452697753906 0.08881358180586574 0.00011083360748909143 0.018379465030901043 
0.000270843505859375 0.1477445879643402 0.009718895764285751 0.03594586031278024 
0.0002663135528564453 0.15556595002404672 -0.02926060847936185 0.021621204658494042 
0.00024008750915527344 0.1231189750921331 -0.015058884452773924 0.03433927908175849 
0.0002548694610595703 0.10437607957035056 0.006390988929930508 0.022255345580579178 
0.0002219676971435547 0.10802954224986427 -0.009704780871449437 0.027762881847861465 
0.00022983551025390625 0.05895918406167766 -0.010416042133383208 0.008372007091919986 
0.0002124309539794922 0.10626758812745729 0.008773316779154605 0.016800659636023063 
0.0002434253692626953 0.03512163851980099 -0.04132776924721426 0.008485244461181374 
0.00022530555725097656 0.06386134214531003 -0.011378741194914888 0.015488299310069564 
0.00020051002502441406 0.1048749707670611 -0.012745289149876271 0.02296277802136526 
0.0002071857452392578 0.04602485627197761 -0.050180490992918436 0.008864506248347004 
0.00021028518676757812 0.09063896579297359 0.05154814923164519 0.03241848071790865 
0.0002465248107910156 0.0729045446183203 -0.002645048187043031 0.015683420459358555 
0.00019884109497070312 0.06681863453097225 -0.05542151751358304 0.015701283184110792 
0.0002079010009765625 0.013491392258491386 -0.05415243995709407 -0.007297775158779718 
0.0002028942108154297 0.07039670913511697 0.01206073464017976 0.029197604574031866 
0.00021719932556152344 -0.003318206579157934 -0.05562839471338421 0.003022717601554481 
0.0002002716064453125 -0.049067359707452685 -0.07503437668938773 -0.010887427773561553 
0.00021338462829589844 0.050200990710123516 -0.0666230854347587 0.003059727951942315 
0.00020074844360351562 0.06542402145867876 0.01831450742192864 0.012392599613640254 
0.0002124309539794922 0.08801445404885189 0.010444968106071428 0.007403266334156 
0.0002605915069580078 0.3269700172598382 -0.01058754898953218 0.05948164561688124 
0.0002067089080810547 0.23609653068140757 -0.027243750380477216 0.040823814870894856 
0.00022459030151367188 0.21398352316042213 -0.03099496231054566 0.02874188878266406 
0.00019860267639160156 0.16954170953921155 -0.007262220508436279 0.02689775767578234 
0.00019884109497070312 0.14775965382307232 -0.011475529556592257 0.020175225148865022 
0.0002181529998779297 0.14909994687266614 -0.0027399350151560142 0.03310393988888207 
0.0002028942108154297 0.239363392327141 -0.003696856447244379 0.04248933281744635 
0.0002589225769042969 0.2859984890114644 -0.06954611751085604 0.0512067512629055 
0.00021076202392578125 0.17068254258962678 0.028021573198046212 0.032870521590907226 
0.0002002716064453125 0.20230511917710015 -0.03209934578617624 0.03820073480537987 
0.00019979476928710938 0.1857645015530065 0.005489577735574791 0.03764405571204402 
0.00020170211791992188 0.14238142108569196 -0.04116344523501958 0.02275886520001715 
0.00019550323486328125 0.15746657549720222 0.018515680110803068 0.021597664078064835 
0.00022983551025390625 0.1620155745201215 -0.09863434830774143 0.03879002525585519 
0.0002238750457763672 0.17509414712436921 -0.018888610687460172 0.03767139875285477 
0.0002307891845703125 0.18841775493863278 -0.061477425707360034 0.03298144945686857 
0.00022101402282714844 0.10513668006291876 -0.032726489150997295 0.019407636746274538 
0.0002243518829345703 0.1584104611557775 -0.0783227793452923 0.015004960854862456 
0.00031757354736328125 0.16541204949156585 -0.07886992636705514 0.02719289393930648 
0.0002262592315673828 0.15044007755601596 -0.03174353408323061 0.019723771774331274 
0.00022649765014648438 0.05180524951812249 -0.02143685737116119 0.0006546770380085997 
0.00022721290588378906 0.2173092497114384 -0.05050016622099207 0.03822270532970144 
0.00022459030151367188 0.1659913824835373 -0.11126026072508477 0.030414656635059645 
0.00023317337036132812 0.11642088372618042 -0.06281234111007272 0.018894187328022425 
0.00020885467529296875 0.15782955437956092 -0.034264787540513986 0.027773572537575814 
0.00021266937255859375 0.26383076240932635 -0.07766630295746424 0.039664218022766255 
0.00020170211791992188 0.18884134561467736 -0.052025945747361746 0.029532623190347936 
0.00020051002502441406 0.22753155810624293 -0.045576639954910014 0.03605991597570491 
0.00019693374633789062 0.2006391658136515 -0.05004702045130571 0.0369948868383941 
0.0004191398620605469 0.22061998215657752 -0.08196196565175562 0.03709802785615592 
0.000202178955078125 0.1632974085425083 -0.028432863134886688 0.028800464766699087 
0.0001990795135498047 0.15655242697014682 -0.03908775104183171 0.01375820217680055 
0.0002181529998779297 0.22691849720364754 -0.03489575017148017 0.03174124564423202 
0.00020599365234375 0.09040824060305486 -0.041419870147223925 0.022784979079174233 
0.0002148151397705078 0.05174583226127982 -0.04432768869822912 0.010049889569189447 
0.0002028942108154297 0.14157940506049727 0.03162935674196188 0.016151607582456318 
0.0002148151397705078 0.12062963104584945 -0.029750419060874833 0.0023999582035307285 
0.000209808349609375 0.0417368171569823 -0.05885141970028496 0.007692323410848863 
0.00019502639770507812 0.07680306044209395 -0.0025284958445590533 0.022328513144430837 
0.00017261505126953125 -0.02914236279839688 -0.0064113098470031105 8.334887230179722e-05 
0.00016999244689941406 0.005626130863141121 -0.021010127223433095 -0.0020759301797027008 
0.0001614093780517578 0.03622183409774671 -0.01980668670868102 -0.0032503159777607094 
0.0001227855682373047 0.04101854395326665 -0.03446171985919122 -0.003261055300422089 
