0.16112422943115234 0.006652596850183379 -0.06924734339389627 -0.013727570023037705 
0.15685415267944336 0.0013304207808388924 -0.048524004085967576 -0.12385984074463963 
0.1569981575012207 0.02584033497588134 -0.08433194088763063 -0.10806454244994912 
0.15731263160705566 -0.00903428690516872 -0.044910105167535797 -0.08430434064781189 
0.15918636322021484 -0.023935626555720013 -0.04477567933766036 0.019235315056832736 
0.1591784954071045 -0.0040813649440520905 -0.04938341607945684 0.013894367370014704 
0.15810132026672363 -0.0037743243479635424 -0.059552868412532156 0.017381615960917585 
0.15815138816833496 -0.012765515521476978 -0.05925899211683472 0.012131753741636997 
0.14690279960632324 -0.015918291773463267 -0.06096033879801421 0.0002689163145381812 
0.13444757461547852 -0.02437775938510356 -0.062483859806382824 0.00567950842668008 
0.1293201446533203 -0.029242353166638146 -0.061952788299991735 0.0002580843586237336 
0.12838053703308105 -0.03979825171225926 -0.06233999270308255 0.017851827870608794 
0.12889432907104492 -0.03158845153248091 -0.06489863740931767 0.003343696721453293 
0.12856698036193848 -0.03230470795515572 -0.05881546155056183 0.013783961545829948 
0.12658190727233887 -0.040358592202551336 -0.06301155520007695 0.01473539188133599 
0.12442255020141602 -0.03489740791027529 -0.05673745914208972 0.008735643842549878 
0.12580585479736328 -0.03819758340646828 -0.05658476656452649 0.004720325348885446 
0.11948251724243164 -0.03859974461215998 -0.06232758098308766 0.010849245509573002 
0.11551713943481445 -0.042699037474720036 -0.06375357473229437 0.006624229942702842 
0.11165809631347656 -0.04996674237680665 -0.060705739116581725 0.0162285762075165 
0.10847115516662598 -0.04760531721104844 -0.05998758502099655 0.01586471335070261 
0.10666847229003906 -0.04641600994854844 -0.05477361063975472 0.01109688420810917 
0.10162711143493652 -0.04971320605938345 -0.05712730694909762 0.013390070866908355 
0.09823822975158691 -0.06233772487083211 -0.06302885949444059 0.01746499061675366 
0.09365439414978027 -0.06536791878412718 -0.052746241432401586 0.020089492219363958 
0.09167098999023438 -0.06828756801300084 -0.0562705719391321 0.02491699389759372 
0.0883481502532959 -0.07057110528146016 -0.05790244368656072 0.024168302460160884 
0.08435678482055664 -0.08140519500729049 -0.06008599628418754 0.026650362765821223 
0.08064436912536621 -0.07563747299957413 -0.06274215586078125 0.027166774385878556 
0.07808351516723633 -0.08033287211865758 -0.06548830319858245 0.023696942363450546 
0.07572388648986816 -0.06840635188342947 -0.06185570560354137 0.019526733104918037 
0.07205057144165039 -0.07280634467168401 -0.05387211260600311 0.018056662003241186 
0.06924629211425781 -0.09262179711152019 -0.054054202315442224 0.027136247646113 
0.06788420677185059 -0.03786776921985169 -0.05325873753985788 0.009695278309721278 
0.06697607040405273 -0.04398681301820595 -0.04808392325002231 0.01210912694562527 
0.06704020500183105 0.0044360581482507655 -0.042511663383419274 -0.003979601915112596 
0.06738781929016113 0.019289298499924 -0.0488692725040738 -0.007867695296468247 
0.0667262077331543 0.011495300044981782 -0.05193758745219501 -0.005904172043338818 
0.06709837913513184 -0.0028017629351646534 -0.06221104109687925 -0.0014138476144363032 
0.06637263298034668 -0.1130492406828072 -0.05349890872680829 0.030614852230736123 
0.067840576171875 -0.18332957419275964 -0.04029715804120704 0.04836324829766525 
0.06789731979370117 -0.23341260762755223 -0.02741817544253955 0.060413712860350355 
0.06801295280456543 -0.27813186887617114 -0.017938488274161335 0.07129357044802109 
0.06732535362243652 -0.2692858895756789 -0.00542811307941693 0.07014540948250625 
0.06665706634521484 -0.22677047852771004 -0.015381634572999348 0.059202431819282975 
0.06789302825927734 -0.19598940394884057 -0.01095721755446677 0.049114763383721005 
0.06838607788085938 -0.22543396440454266 -0.008514803072854793 0.05673777379875311 
0.06732296943664551 -0.20610163464320674 -0.0012167975780774665 0.052090826738153684 
0.06678271293640137 -0.20945772564697052 -0.005178778567919151 0.05238841414542961 
0.06492781639099121 -0.23166366259679894 0.011467990098995795 0.05805176548780233 
0.06553792953491211 -0.23252971786975607 0.01716678076981948 0.06225620044653546 
0.06498312950134277 -0.1962906380064915 0.012867919314782705 0.05055551762908106 
0.06376004219055176 -0.2167514668915551 0.03225831270372881 0.05584222947637807 
0.06302404403686523 -0.2236467868156673 0.03488683248051716 0.0587835424643699 
0.06264543533325195 -0.2076092660752593 0.03802235129946374 0.05694304053293919 
0.06183266639709473 -0.17834663453044364 0.028138468693585716 0.050213350751163066 
0.06132793426513672 -0.2015847331403986 0.04266583013816727 0.05315441153522471 
0.060385942459106445 -0.20144973576807157 0.045632276557992624 0.0556086631103363 
0.05910444259643555 -0.21687789162362492 0.04423766834283693 0.05348423410567005 
0.058478593826293945 -0.18962779798428997 0.04925794126093641 0.051073231441803646 
0.05896925926208496 -0.18223226046711805 0.05088581922406865 0.05065760628141902 
0.05754733085632324 -0.1874850502255745 0.06371194626773136 0.051267040455449386 
0.058583736419677734 -0.13730399658680614 0.029201492788208938 0.036127193841315464 
0.05901002883911133 -0.1641805360787707 0.05099059596405464 0.04410972740276131 
0.05835604667663574 -0.1667910185963617 0.03874177367257148 0.04085426562835437 
0.058408260345458984 -0.15724248186459278 0.05354292074835065 0.04150924499193165 
0.05623888969421387 -0.18232046201729002 0.07952724718717907 0.05052428676590681 
0.05541586875915527 -0.18408457076507778 0.08156705689551824 0.05070889818430846 
0.05415844917297363 -0.16706571911493828 0.07060010592283117 0.04686473894839649 
0.05290555953979492 -0.1485935078461864 0.04107586066289848 0.03692257984687064 
0.04790019989013672 -0.17464545255063424 0.07562197301678997 0.04727305009179705 
0.04494452476501465 -0.16058119501212342 0.05960896214002309 0.041220571559189345 
0.04242086410522461 -0.13696746579622632 0.052884621156261025 0.03407600777053288 
0.04136466979980469 -0.14856486756654919 0.07000255986526205 0.04072553663746925 
0.0391085147857666 -0.15404026235798396 0.06404789405218492 0.03942823995931688 
0.038819074630737305 -0.14084497431570053 0.06471361706790657 0.037103722445768206 
0.03721141815185547 -0.15160441434859884 0.07667491837342655 0.04054663555734006 
0.03586935997009277 -0.13536808765554653 0.07196127333667968 0.03775676612265322 
0.03388333320617676 -0.13131786325444894 0.06465444365371642 0.03475102943836017 
0.03290081024169922 -0.1025726944847376 0.04022456037736433 0.0268655534810347 
0.03143930435180664 -0.10350155265208283 0.05623816995565423 0.030520697158322285 
0.030933856964111328 -0.1157210413196399 0.07201234169721182 0.03281803436158448 
0.030623674392700195 -0.12336938812866327 0.05492525390107339 0.03226490714910524 
0.029534339904785156 -0.12656326965136078 0.07268972121061967 0.03319441077992069 
0.029308557510375977 -0.10766096038864603 0.06484437776857677 0.02945435081954928 
0.029404163360595703 -0.08357817983923654 0.048585452064489276 0.0233489446934656 
0.028737783432006836 -0.09666598567109563 0.0326593831688915 0.023286415066021693 
0.02814197540283203 -0.06611683827676718 0.016757093493898756 0.018108296500843668 
0.028652429580688477 -0.04160660707813402 0.0035754853158382893 0.012759755144475804 
0.027971982955932617 -0.029670757410074966 -0.0012981476374096523 0.013623603455387379 
0.027994394302368164 0.008855177974611106 -0.03663326453897908 0.004815874122627406 
0.026725292205810547 -0.016979456050819186 -0.028880313375520217 0.007203749408767113 
0.024308443069458008 -0.0006221103041887943 -0.048802172392608645 0.0015467095701748867 
0.020621776580810547 -0.02410861446158097 -0.02439748255961316 0.008265636705081292 
0.017503976821899414 -0.03856070818196944 0.004613381305277775 0.01391926620061934 
0.014352560043334961 -0.05061001005707899 0.05618736799901347 0.022206751793159007 
0.013860225677490234 -0.09391524361447146 0.12534911040820895 0.03615401047273803 
0.011755943298339844 -0.07165800547212875 0.15560487364721687 0.03964357993047507 
0.011658430099487305 -0.07047789976620455 0.15994212039429456 0.042532975779876026 
0.011883974075317383 -0.06590769115872264 0.1650543921818779 0.040343521832261864 
