0.010223150253295898 0.012632608002268508 -0.007760150782694097 0.0933859471408719 
0.009992837905883789 0.003138185895073864 0.0096563956146829 0.1207017576700039 
0.009973764419555664 -0.0024788772126393965 0.019711876128398753 0.0030152059232070316 
0.010320186614990234 0.039367188442011924 0.016036870621643384 0.06801638809446164 
0.010349035263061523 0.036443089497963044 0.0015027374027649643 0.060424241996031136 
0.010316133499145508 0.005379037411164189 -0.00025643667225594413 -0.0253992501816086 
0.00999593734741211 0.009853225813225341 -0.01699368290008163 -0.00097826596106948 
0.009653568267822266 -0.007779833103475298 -0.0196664605653174 -0.012575829814466255 
0.009553670883178711 -0.00663461391603537 -0.013515051575695214 -0.01899558876895191 
0.00916290283203125 0.005604604958628467 -0.0020550057627986007 -0.00826666954917693 
0.008823394775390625 -0.0069125015742090845 -0.026830391505034967 0.008918914295309055 
0.008786678314208984 -0.012108164097941465 -0.0034678010204944876 -0.0047061724057604545 
0.00889277458190918 0.005663309728332067 0.011901008654044531 -0.010823672137539764 
0.008688688278198242 -0.007758175456110905 -0.007015512204483709 -0.004858954451022052 
0.008296489715576172 -0.02440559853902391 -0.023302629239826622 0.00556995792373105 
0.008362531661987305 -0.003554711602831606 -0.005039020571642183 0.003095177506774481 
0.008252143859863281 -0.014512955483089396 -0.02284113109484176 0.010735393409782024 
0.007910728454589844 -0.014458782099156409 -0.018729963131979943 0.010840760478477568 
0.007546901702880859 -0.010108316529314099 -0.034162153281703134 0.011991840725899067 
0.007446765899658203 -0.007222182285912648 -0.022097835967167523 0.010838498772359359 
0.007520198822021484 0.0031410921054626506 -0.008203186619714753 0.005888085155682565 
0.00737452507019043 0.010121066112278587 -0.03139934529818467 0.022732455314945665 
0.0072977542877197266 -0.023448382884645902 0.002103391695490231 -0.0007276645980475172 
0.007227897644042969 -0.0023651877593224846 -0.016095771741863718 0.009070474729594769 
0.0076465606689453125 -0.01574161534700691 0.040229761271493025 -0.021091368712980674 
0.0073888301849365234 -0.015966562373055826 0.005097573507115705 -0.007676206060208801 
0.007366657257080078 -0.009874562322949032 -0.007741179430794887 7.669003596011414e-05 
0.007212162017822266 -0.002948193510897479 -0.058605334990350144 0.01216453783763205 
0.007380008697509766 -0.001518678949225194 -0.18127672653657223 0.07013886867586794 
0.0072329044342041016 -0.027650200057554475 -0.0749829666588071 0.025467225264262483 
0.007492780685424805 -0.029569115807624335 -0.08847667310907514 0.02875369915856041 
0.007264137268066406 -0.022739441521389292 -0.05918913441808149 0.024582474460826953 
0.007211446762084961 -0.02758642006680967 -0.09612100622957165 0.03454082079564169 
0.007080554962158203 -0.008883457351817281 -0.05967115780769827 0.020652212772167777 
0.00684666633605957 -0.034450966838243335 -0.07983318663562322 0.025574166294588085 
0.006740093231201172 -0.027117621531893565 -0.05711814933072956 0.0217034292248246 
0.006650447845458984 -0.030187777660674264 -0.05586733047597292 0.018681614938841573 
0.00662994384765625 -0.019668741513316768 -0.05826086589352375 0.02322137096284682 
0.007102489471435547 -0.025740732500535213 -0.03611771383603957 0.016303089281255456 
0.0063934326171875 -0.03533175736455352 -0.043858861139822736 0.01830271013975926 
0.00632023811340332 -0.04170795715516196 -0.016542723007243687 0.012771588890139851 
0.006510734558105469 -0.021730799399855005 0.011555250662669492 0.0014082163473150278 
0.006276130676269531 -0.031493007055822364 0.03399366356129829 -0.0005594222818408046 
0.005754709243774414 -0.04276770928717166 -0.04288240375314678 0.01695198072413162 
0.006189584732055664 -0.021207292491101093 -0.0025314290651934357 0.005030885531899676 
0.005566120147705078 -0.035236716627894626 -0.0070808494621894535 0.012840119064678746 
0.005212306976318359 -0.005994373988478241 0.006541681402421284 -0.0005425742732683148 
0.004739046096801758 0.006320911839693633 0.0152832040588462 0.009375989122267558 
0.00453495979309082 -0.0010089976348917062 0.00023810549463187947 -0.0042017333420640846 
0.0041904449462890625 -0.037981363642181964 -0.002393366654732665 0.014140152517168492 
0.0038330554962158203 -0.03105560716419742 0.02793655029637865 -0.00131867465473956 
0.003622770309448242 -0.11179994947460692 -0.039674338862900616 0.0432393241115272 
0.0036199092864990234 -0.07162127425092235 -0.0027840720445968525 0.028772127168562367 
0.003733396530151367 -0.05947336151554561 0.016398916784041262 0.015957229928947214 
0.0036869049072265625 -0.057231120277233316 0.023913106981029886 0.009610470234907798 
0.003501415252685547 -0.09115286715133708 0.00711624217966178 0.02418506000166909 
0.0035457611083984375 -0.06747191247071838 0.0175132797860289 0.01574861380496717 
0.003434896469116211 -0.07421011638926123 0.010102859570653377 0.022771059371607283 
0.0035462379455566406 -0.06629409929912766 0.014260602996663208 0.018244155255753736 
0.0034427642822265625 -0.05819859722469234 0.021283690296842517 0.01468927029991196 
0.0034208297729492188 -0.07993308044274272 0.042710354473696865 0.01716338445205512 
0.0035004615783691406 -0.057099660469149605 0.024683578711692356 0.014314449457971001 
0.0035827159881591797 -0.07376881754669506 0.036425771037484456 0.024270190442382766 
0.0034780502319335938 -0.029541948603068136 0.006075586591034687 0.005556376478233371 
0.003488779067993164 -0.04144430250839881 0.03526372434656433 0.009713855675877792 
0.0037920475006103516 -0.0034904937088333643 0.02450414132613221 -0.0011049305071608728 
0.0034754276275634766 0.04280810774653898 0.021794928083848975 -0.0127513121370737 
0.003434896469116211 0.02083318277371049 0.007963047520300748 -0.008773595931147682 
0.0033845901489257812 0.032564374057406864 -0.0031210966202299684 -0.031054424417334303 
0.0033745765686035156 0.017785356334897306 0.007765442119822996 -0.021906414392868 
0.0034296512603759766 -0.0033065944844232753 0.020732960755927676 -0.0008199546004128422 
0.0028450489044189453 0.007386185250136679 0.028413235010289917 -0.0003274519705707135 
0.002391815185546875 0.01716137457674005 0.02658918321229775 -0.011692583080788133 
0.00228118896484375 0.015006297713376915 0.004876275282788001 0.003228241769323681 
0.002352476119995117 0.019636611614843424 0.05274405860954623 -0.006834261004999398 
0.0024976730346679688 0.030846230801691688 0.016002054306964997 -0.023781612282035347 
0.0023674964904785156 0.006477276892504769 0.03450127755461185 -0.0027666823762828585 
0.002415180206298828 0.020019184756969066 -0.003181386086350102 -0.02513895792096843 
0.0023508071899414062 0.011257628247330231 0.0197389318658181 -0.024736420693727723 
0.0023937225341796875 0.02311003410207535 0.042591270084834765 -0.009980381439079089 
0.002635955810546875 0.0239955136733212 0.04449164327086619 0.0014237711577118617 
0.002348661422729492 0.021029162516211786 0.01383952006886835 -0.029257401226225888 
0.0023660659790039062 0.006238343543222946 0.02634911100532289 -0.003939253245402341 
0.002336740493774414 0.041323980264563076 -0.017772672269984024 -0.02250238999067733 
0.0023741722106933594 0.03283082263107007 0.011741035910633357 -0.020153244288124483 
0.0036547183990478516 0.024854721349430564 0.002670673911256305 -0.03325204936795512 
0.0026369094848632812 0.004749537698135464 -0.013797279891737624 -0.030118800076074592 
0.005026578903198242 -0.009200462354558292 0.011574366468661168 -0.02101398881240435 
0.002424478530883789 0.017475981069203783 0.013205143488463023 -0.02860027861727321 
0.002636432647705078 0.009445980152615663 0.019296887212858937 -0.020911502770723622 
0.002391338348388672 0.004912313059129536 0.023901698430977003 -0.014583888606870765 
0.002440929412841797 -0.0063457160044861904 0.015072450604086018 -0.008606014841575416 
0.00261688232421875 0.019487694453350635 0.0281286431203136 -0.017835999894420418 
0.0026733875274658203 -0.012986968106631469 -0.0021289428994903936 -0.02555610056632407 
0.002466440200805664 0.0065431029029754395 -0.003586612046673654 -0.01579621956654087 
0.002619504928588867 0.01282323284882092 0.01366683757653897 -0.00034019523702166765 
0.0024170875549316406 -0.016657084541275236 0.006227498009669485 -0.018030624039503174 
0.0024945735931396484 0.02148095575641129 0.007206130574621827 -0.00245394116307196 
0.002462625503540039 0.006210265608315613 0.0272629388164094 0.0010182133322587106 
0.0022232532501220703 -0.02931818460430824 0.0044162799668034936 -0.012042987716716524 
