0.036225080490112305 5.177899095309968e-05 0.008776017762762933 -0.014072610187794155 
0.03589582443237305 -0.009733086732175877 -0.0006580428704099361 -0.006209949638527057 
0.03592967987060547 0.012539933991794427 -0.0008431578700545117 -0.010547260750699117 
0.035820960998535156 -0.004778371603549658 0.003027487654070349 -0.009757999467146838 
0.03628945350646973 0.0012891049620700201 0.008583491937590892 -0.00018510332938959095 
0.03515791893005371 0.0002422710239198267 -0.007085663071253023 -0.005150338339849014 
0.03473258018493652 0.0036954030793703296 0.004165215884222029 0.002898067902264323 
0.034140586853027344 -0.01799256454036291 -0.0006298727708236029 0.011837081536293148 
0.03267264366149902 -0.02537290876574927 -0.013598540352555588 0.012459281433681468 
0.031171798706054688 -0.0031246761593748396 -0.019775280592986277 0.013659870831378207 
0.029719829559326172 -0.015048911591504677 -0.00020922009558610455 0.004108623478973783 
0.029256105422973633 -0.004812224200022808 -0.035342100171323665 0.01261084964586967 
0.02881932258605957 -0.01876031324674221 -0.032438923288464316 0.01941630769533198 
0.02768707275390625 -0.009518506456789755 -0.018067422686351087 0.016982310450512905 
0.027251720428466797 -0.011936084063758567 -0.035651890966128086 0.021653305000142176 
0.027109384536743164 -0.01302223663905222 -0.00942896145619887 0.008245587224857687 
0.026602745056152344 -0.018993397039264615 -0.032636462488829565 0.024875537065667253 
0.025177001953125 -0.000164346361502421 -0.03428859962241848 0.013741853830250506 
0.024899005889892578 -0.00772717289705982 -0.04110532618327678 0.023725352033478586 
0.02380228042602539 -0.015460175931995224 -0.06387496995922426 0.029059095851312833 
0.023428678512573242 -0.02273562867668666 -0.04206621262884802 0.020670925508131432 
0.022309541702270508 -0.012128367658201356 -0.046341046957090626 0.02072778176819501 
0.023866653442382812 -0.015794684346237986 -0.07149038619116066 0.025559082321049864 
0.0211639404296875 -0.019506636230876673 -0.05773148665927952 0.02783445312878996 
0.020142555236816406 -0.022651396202028273 -0.06335114981474987 0.026132078044264873 
0.019341468811035156 -0.020458605290121668 -0.0690212790534197 0.025254012161686212 
0.018697261810302734 -0.027946551912000572 -0.0880501394319344 0.037010408053353316 
0.017592906951904297 -0.03329771801856651 -0.06342100245157489 0.026822544869050446 
0.017172813415527344 -0.012391125388083069 -0.07600709171810127 0.027564472939278772 
0.016527175903320312 -0.031057981442623728 -0.07554664544629297 0.0240095400541378 
0.016353607177734375 -0.019004686273106586 -0.08324159252461172 0.02565202404757816 
0.015495538711547852 -0.039562088008912255 -0.05235386857708679 0.0182254853995909 
0.01520395278930664 -0.04775691307952634 -0.06632245632036504 0.02570297977320557 
0.015236377716064453 -0.038262303648309626 -0.043133069964891746 0.019639848396760584 
0.015148639678955078 -0.03811148761937044 -0.018274918847185795 0.012794812908097697 
0.015134811401367188 -0.018477121172483457 -0.028207709996071806 0.013407547653072172 
0.015229225158691406 -0.006534117835236941 -0.06680103387491343 0.017729798858100665 
0.015215158462524414 -0.01828846740663792 -0.1591254999171623 0.04779284326888522 
0.015059709548950195 -0.02971946840061701 -0.22130601894536905 0.06745712594526587 
0.015494346618652344 -0.044211036140433535 -0.1846964860253948 0.05655846346109872 
0.015324115753173828 -0.0164609487581453 -0.11538378255239579 0.03441361506545526 
0.015162229537963867 -0.02998034352295509 -0.048125103237189215 0.01831334633698578 
0.015347480773925781 -0.03084014808709057 -0.027027345159561733 0.0067966319454750845 
0.015047788619995117 -0.026449615206513677 0.06438032726034582 -0.013285939580317319 
0.015207290649414062 -0.028158636308956098 0.06221132855002942 -0.018455865447069897 
0.014468908309936523 -0.0536797037128931 0.021068058012510882 -0.0009056060018783896 
0.012573719024658203 -0.08905445737357276 -0.1216093065372732 0.03800838569864773 
0.011230707168579102 -0.0401907462173412 -0.13164018772927655 0.03277142385230114 
0.010347127914428711 -0.018889035468667714 -0.14584673437399243 0.037840077527814486 
0.010505437850952148 -0.027856733013353896 -0.13494650003673492 0.03396430071869627 
0.010132312774658203 -0.059528279759569536 -0.10789052524521114 0.033244353800305326 
0.009169578552246094 -0.058851341936942525 -0.08005594554667628 0.024757182219206975 
0.008881807327270508 -0.05613791014655334 -0.0654920444481375 0.019736522567205483 
0.00868082046508789 -0.04263384847793539 -0.05768505592456652 0.013785060986902131 
0.008773326873779297 -0.026018298675369422 -0.042711573411431836 0.007081345095985014 
0.008773088455200195 -0.023903694269789 -0.028818961222483175 0.002503967420411257 
0.008751392364501953 -0.014422018423801752 -0.04386773720842552 0.01030351377655947 
0.008844614028930664 -0.035358686583488286 -0.10303019410235326 0.023891266715492243 
0.008744239807128906 -0.05333158265778426 -0.1923492591049225 0.04242774974924579 
0.008768796920776367 -0.07166267551459882 -0.23053670535135673 0.05161644307627711 
0.008702754974365234 -0.07968884799573228 -0.21995388772478197 0.04510140210778779 
0.008655548095703125 -0.09254960462974537 -0.24749753204981007 0.05782387324889626 
0.008742809295654297 -0.09277690258446825 -0.2155646343138118 0.046973633967812845 
0.00867152214050293 -0.0804262568471028 -0.20871455892584923 0.04619450465423558 
0.00858306884765625 -0.09125493097006032 -0.1860042177514809 0.04461067233477767 
0.008580446243286133 -0.10455819271016509 -0.18946080737307502 0.042632608082183054 
0.008502006530761719 -0.08462514051403858 -0.19311156765643211 0.0425725284194316 
0.008489131927490234 -0.07699977807813596 -0.18162599263252277 0.03940183907042982 
0.008828401565551758 -0.09958342762252492 -0.18004682822371176 0.04095310443043587 
0.008471250534057617 -0.10176392637489329 -0.18878758532465323 0.04363484405549389 
0.00838613510131836 -0.10673356534798462 -0.18090571788832488 0.03853428172932105 
0.00798487663269043 -0.10851255820243821 -0.1678211128595306 0.03755718516593909 
0.007971048355102539 -0.09267500931507033 -0.19231413241018025 0.03680235744981886 
0.007963418960571289 -0.11637633245062684 -0.19668879529540506 0.0414443612086961 
0.008067131042480469 -0.1299182915190107 -0.20280471780167098 0.04462996883634229 
0.00807952880859375 -0.12545884011994612 -0.1854952692162839 0.04137098909193071 
0.007740497589111328 -0.11508057010196726 -0.18502799202770515 0.037289876816221756 
0.007614612579345703 -0.10541146376775057 -0.16284898198266884 0.03410602954902231 
0.008157491683959961 -0.12435266081764595 -0.1694444065730094 0.03526882801564035 
0.007598400115966797 -0.0930412301951904 -0.14973344142489964 0.02629250388491844 
0.00774693489074707 -0.10246791341215644 -0.12553989871032156 0.025928752860506776 
0.0077741146087646484 -0.0710511525287929 -0.10315823109116584 0.017054303803640813 
0.007472515106201172 -0.08184664257242602 -0.08861425980737003 0.01740029122802067 
0.007269620895385742 -0.04737392273912633 -0.05179743486589894 0.010016114892894556 
0.007382869720458984 -0.052635539355015304 -0.07437356190071664 0.015725025634824696 
0.0073812007904052734 -0.020091173071901558 -0.03366054133215801 0.006625328430612143 
0.0071103572845458984 0.004588935812846806 -0.007642091628938585 -0.001108938308768792 
0.007024526596069336 0.02889341983310434 0.006644707836497288 -0.00614434036583944 
0.006207704544067383 0.029280631016117553 -0.013881116442906238 -0.0020260669201945802 
0.004914522171020508 0.0005603200457615642 -0.00724524304364027 0.0011679324902953425 
0.003960132598876953 -0.023119695881234748 -0.040448351021167284 0.009543078548162498 
0.003396272659301758 -0.05310242328571757 -0.05764617838435915 0.012034388465991697 
0.0031633377075195312 -0.10879026519490509 -0.06096451983913975 0.018228903494295068 
0.0024521350860595703 -0.1501031314532959 -0.06892841590104237 0.02467031001461173 
0.0023872852325439453 -0.1638911914128247 -0.06766362878407572 0.028484010022831185 
0.002325296401977539 -0.16568024745899468 -0.07579835685317016 0.028995310406617847 
0.0023696422576904297 -0.08889827147636886 -0.021447855099961055 0.011816855481344035 
0.0023818016052246094 -0.13445319834446323 -0.02975159890118806 0.01837805563796735 
0.002396821975708008 -0.1487543347340985 -0.04526639739149507 0.027186586925395773 
0.002552509307861328 -0.07844912598612552 -0.052259544779333034 0.012316703938740403 
