0.001856088638305664 -0.01386490166274923 0.0047891216638538125 -0.014395582681836494 
0.001871347427368164 -0.04085445256516751 0.017761892617300212 0.01771211550505214 
0.00179290771484375 -0.0445685587811262 0.005303961544197877 0.02650347103427575 
0.0018231868743896484 -0.0005334398507552685 -0.0052720533784982315 -0.020168475266565178 
0.0018346309661865234 -0.04103728685974506 0.010410709670700014 0.014355315965945747 
0.0018241405487060547 -0.017185387848257516 -0.00861200388929162 -0.011091188672742724 
0.0019402503967285156 -0.007011490452921265 -0.0009307142361791865 -0.016194134153976858 
0.0020117759704589844 0.007961874508972677 0.007290126264728247 -0.000598391384769581 
0.0018732547760009766 -0.038958140180896716 -0.019639063243993338 0.015594819341134158 
0.00208282470703125 0.023694301563041087 -0.017201505779175452 -0.037477204787014884 
0.0018703937530517578 -0.019841736581653446 -0.01153374906946869 -0.00849747052630434 
0.0017423629760742188 -0.07891046408041502 0.0013577904282970898 0.027851290439177667 
0.0016033649444580078 -0.03456307575323425 0.0016827642064789483 0.028287361852230575 
0.0016241073608398438 -0.020119938056829767 0.02078647977592385 0.007053748156935047 
0.001520395278930664 -0.01959682268124352 0.002977876396019097 0.018982999124440347 
0.0014581680297851562 -0.016104397713110785 0.010481168406410779 0.0018424282316540364 
0.0015797615051269531 -0.01761123680445298 0.0010475403240957082 0.009898538136375645 
0.001505136489868164 -0.031970625968533284 0.037789428561125105 0.02767388743729171 
0.0014197826385498047 0.014997955280427355 0.01251650463744558 -0.01561792143280627 
0.001398324966430664 0.012754239241501875 0.004986804634277142 -0.0002408183952544718 
0.0014061927795410156 -0.005970041686889083 0.02851204452960676 0.0051727104373955335 
0.0013163089752197266 -0.015966370539312713 0.017757515900088006 0.0016147705176408067 
0.0013403892517089844 -0.01490351886694441 0.053371156953099685 0.030026148522797058 
0.0012679100036621094 -0.04256099179549988 0.042780490185218234 0.022487696494034815 
0.0012247562408447266 -0.0018616177691586078 -0.0035347966797960595 -0.007281604594593816 
0.0012257099151611328 0.02640821803422555 -0.04723155397794154 -0.028768188891427737 
0.0011708736419677734 -0.011699147758665207 0.02617764366909947 0.009999589187708935 
0.0011243820190429688 0.052143746092411014 -0.08068531460081751 -0.02765149672340339 
0.0012273788452148438 0.08789388685915966 -0.10969166385719475 -0.06302142662208787 
0.001216888427734375 0.043846776168579016 -0.08183051047961287 -0.04956781510068353 
0.0011508464813232422 0.003148725463358204 -0.04991607866523551 -0.016826855184085776 
0.0011570453643798828 -0.005780512216492895 -0.02111432233186261 -0.012442065145592096 
0.0011415481567382812 -0.04588040279934669 0.1386669707692656 0.053010933084755685 
0.001161336898803711 -0.05064042078180453 0.23617142550079806 0.08300148875266 
0.0012454986572265625 -0.05349562901667282 0.19435571463457602 0.08269084143971384 
0.001218557357788086 -0.05345638346087678 0.16747877127392008 0.05397128748304958 
0.0011630058288574219 -0.060448564857041864 0.16604682064911302 0.06453564225466213 
0.0012156963348388672 -0.020213343007490447 0.11901123983039108 0.045515274084203305 
0.0011124610900878906 0.02484445569999516 0.13767595474484562 0.06088279561501064 
0.0011930465698242188 0.0383540209267581 0.08429035294105791 0.044967334211541754 
0.0012311935424804688 0.005480001756849706 0.1472702086428499 0.04955787852455984 
0.0011796951293945312 -0.015866063025360644 0.09459146254336659 0.035942951520808286 
0.0013120174407958984 0.0008267786474469574 0.13915029141607738 0.044779801613360704 
0.001255035400390625 0.002337070374271777 0.10176541879685441 0.04473106710035246 
0.0011782646179199219 -0.0008923552815256475 0.13087685906807067 0.061595801357585245 
0.0011012554168701172 0.014361822857511974 0.06438877095730344 0.02628579140156706 
0.001184701919555664 0.029235630283686698 0.13882332845043477 0.07028875582240257 
0.0010929107666015625 0.013691036958828562 0.09888255036870675 0.03997400146015817 
0.0010807514190673828 0.03035372373190226 0.13734494235946038 0.048415724279762706 
0.001142740249633789 0.03015676448829141 0.14989360229995308 0.06398629903501529 
0.0011398792266845703 0.0071709823714807275 0.08398022414586537 0.030370942295135706 
0.0011119842529296875 0.016625421264009788 0.06880349289954069 0.028695621300979468 
0.0018191337585449219 0.004387879177331744 0.07515277918264429 0.031672450668960295 
0.0010786056518554688 0.01574157343411242 0.04176556491652628 0.02238211566823267 
0.0010800361633300781 0.067768164939364 0.1756889934572392 0.06388372609206527 
0.0011410713195800781 0.04198570482893338 0.09618942465562252 0.038613690207652596 
0.0010592937469482422 0.0779368310959414 0.0911622449320828 0.034604829473697585 
0.0011174678802490234 0.045935814214842274 0.08422301039793156 0.038688662997056866 
0.0010290145874023438 0.06899705828998659 0.102562687018807 0.05133745360743891 
0.0009810924530029297 0.058658137654223896 0.06278424838224783 0.038673108089213315 
0.0008945465087890625 0.037522121811263354 0.06358336192842096 0.03471894264226805 
0.0009002685546875 0.04368417264439439 0.030280142595279003 0.01667840707548418 
0.0008275508880615234 0.05515263551547611 0.06121691648234062 0.03466972064780638 
0.0007944107055664062 0.05432168155436479 0.1329503923730444 0.04005330103267912 
0.00074005126953125 0.08051786355519552 0.09691522098962935 0.038245611848954475 
0.0007414817810058594 0.05168517960180452 0.07955760250090815 0.03936679514799035 
0.0007526874542236328 0.05651066599653176 0.10033723919955495 0.035910891709622916 
0.0008471012115478516 0.0680013356396969 0.06272578886562741 0.029857870541071918 
0.0007495880126953125 0.0053336725638415405 -0.0006085297437588011 0.0046099422199317175 
0.0007355213165283203 0.0085739455812619 -0.06743025231863164 -0.0060872470680504165 
0.0007469654083251953 -0.06301912316920344 -0.04062117102111529 -0.011953383738847023 
0.0007479190826416016 -0.06654292007882079 -0.09849411600203695 -0.02663900184668133 
0.0007801055908203125 -0.03903920825676166 -0.06700777787368306 -0.009290289771636928 
0.0007407665252685547 0.01600733245501096 -0.035417983567533895 0.007296653257818697 
0.0007228851318359375 -0.011424935225755162 -0.016013111394216573 -0.0038525582690169813 
0.0006697177886962891 0.016338846299061238 -0.010097589112623595 0.006706782363628427 
0.0005331039428710938 0.11430652412073683 0.06715898663557596 0.043511816514283375 
0.0004475116729736328 0.17428109784737922 0.09097245638766172 0.066479043202893 
0.0003943443298339844 0.25499079455967255 0.06490328083420938 0.07325167726127635 
0.0004413127899169922 0.27796768120688364 0.07163053023715538 0.07972917816386538 
0.00040531158447265625 0.2049221845494753 0.023522429321887195 0.05983682400971446 
0.0003974437713623047 0.2630893805888195 0.04242980771814597 0.07294478448296982 
0.0003802776336669922 0.16159010812408026 0.031544291187999285 0.0536257770084525 
0.00038170814514160156 0.09443479431253987 0.0007924106798897768 0.0282894838671659 
0.00044417381286621094 0.2203085815560617 0.014369480494107911 0.0670188733759316 
0.0004100799560546875 0.09703726790124678 -0.01589204192076643 0.031831113591008986 
0.0003848075866699219 0.2097394252221405 -0.002367989414003624 0.06003902815096662 
0.0003833770751953125 0.1263590164617816 -0.018746365489389127 0.03552684192019484 
0.0003807544708251953 0.1200073066338514 0.003191782297378154 0.03853472562396831 
0.00044798851013183594 0.1240369904242109 -0.015335720462094748 0.036506257136667664 
0.0003771781921386719 0.23640551013322098 -0.039492968566167796 0.06552570819569947 
0.0005548000335693359 0.12001795100012425 -0.02558542434191491 0.049457283861285006 
0.0003814697265625 0.13248620002548028 -0.034905676931543894 0.03735758181220561 
0.0003826618194580078 0.2408442530918209 -0.023433320824644888 0.0780370467787117 
0.0003936290740966797 0.08760041456630496 -0.044788250204438995 0.0311040592577001 
0.0005037784576416016 0.053704885249248324 -0.04336589491828491 0.014537814420300776 
0.0004374980926513672 0.1470345652735916 -0.0717950666363798 0.03254733746073857 
0.0004429817199707031 0.059773242804124216 -0.05539157645214576 0.02002266382262441 
0.00042891502380371094 0.00775656900045929 -0.028224234877440857 -0.003329369784396796 
0.0004298686981201172 0.03882811834429489 -0.011071602276115478 0.020153428604443135 
