5.936622619628906e-05 0.08019615106982636 -0.09976764497731416 0.05573732965188727 
4.935264587402344e-05 0.10746125795605499 -0.10608446860680232 -0.06285762154141405 
5.221366882324219e-05 -0.00020072000355320085 -0.07505584518654151 0.1823447864884673 
4.8160552978515625e-05 -0.004109485679351099 -0.012508775270908323 0.1251521570788625 
5.340576171875e-05 0.04750963563968469 0.008735692999959355 -0.03510661999535447 
4.649162292480469e-05 0.05567184063031139 -0.032747295160947765 0.08615537454654998 
9.012222290039062e-05 0.05271554108347476 -0.027716962959677183 -0.007435218808689026 
5.1975250244140625e-05 0.015396847681525161 -0.0018994161936971565 0.06354354820948904 
4.935264587402344e-05 0.014287859896860988 -0.01906812580240702 -0.004063040468014201 
5.53131103515625e-05 0.008772782675262158 -0.012777820493510283 -0.08238161981450665 
4.839897155761719e-05 -0.023407210098352227 -0.017482421258970593 -0.04593755190862092 
5.030632019042969e-05 -0.0005741084965613652 -0.05363360303220821 -0.07988826369159563 
4.553794860839844e-05 0.005281903667111898 -0.10210530720906785 -0.0928906615172278 
4.792213439941406e-05 -0.026028550415619023 0.056272511084800136 -0.0010573969052551924 
4.8160552978515625e-05 -0.010764920570812242 -0.07149361866062787 -0.02431800253276961 
5.14984130859375e-05 -0.0669829819841723 -0.011723056535908771 -0.1134624671133393 
4.696846008300781e-05 -0.06745025064266108 -0.043577177272586365 -0.039092417078173014 
5.936622619628906e-05 -0.04575653760715337 -0.019160993127406822 -0.05299469556110026 
4.553794860839844e-05 -0.018851958336778107 -0.047917080077928276 -0.04651505547289947 
4.363059997558594e-05 0.008216510855010073 -0.11765297934514862 -0.04416553518884658 
3.743171691894531e-05 0.08606806112561172 -0.09509618273898202 -0.002331110487499899 
4.124641418457031e-05 0.00042527802618419486 -0.03849929312335387 -0.012986768115792913 
5.125999450683594e-05 0.00612958429513899 -0.09104105124031747 -0.014158782512074808 
3.719329833984375e-05 0.008040848319176952 0.002570785699093747 0.05485044073335832 
5.0067901611328125e-05 0.10901850536287228 0.0007449183070411536 0.14992060871942936 
3.528594970703125e-05 -0.03475608011054976 -0.06142278038510618 -0.011077120611331814 
3.695487976074219e-05 0.020783265666041162 -0.045494619542907344 -0.0002239025029941999 
3.814697265625e-05 -0.10894694626166035 -0.14331628082860703 -0.09244558298780525 
3.4332275390625e-05 0.009103308572049995 -0.06035428537395937 0.05837365788628901 
3.647804260253906e-05 -0.008585137183667824 0.007915843842840609 0.0025366987373081074 
3.337860107421875e-05 -0.009353130588006797 -0.09579141220965415 -0.012848339450598267 
3.62396240234375e-05 -0.09422770937724079 -0.183624485583314 -0.11585729070141415 
3.457069396972656e-05 0.05068697729167382 -0.006529490535451821 0.042507954223856004 
3.743171691894531e-05 -0.14426286963940682 -0.10958776382804203 -0.09900883246012082 
6.771087646484375e-05 -0.09326558068063862 -0.12096240094816935 -0.06686518810072961 
3.528594970703125e-05 0.1414346657006298 -0.06268504660719465 0.0564570674954572 
3.457069396972656e-05 0.13687162889175908 -0.030805381684902322 0.05511099464895963 
9.179115295410156e-05 0.08087405003946935 -0.08192290086384357 0.04390771391733406 
3.4809112548828125e-05 -0.00573155667020675 -0.06052480282043504 -0.019411588922913836 
9.036064147949219e-05 -0.007964730666646158 -0.09949674189439506 0.03996780790460086 
3.337860107421875e-05 0.014024793376354205 -0.050409069313354316 -0.020832745138892328 
3.8623809814453125e-05 -0.1197531944423551 -0.06581709733687191 -0.032222175310820056 
3.910064697265625e-05 0.014363701383830474 -0.12979821772025524 0.010424624533619031 
3.504753112792969e-05 0.004992919345224056 -0.09540396457717915 0.01077468715690788 
3.528594970703125e-05 0.04537016412023531 -0.12461307914028374 0.01343880850522794 
3.504753112792969e-05 -0.12954619536709622 -0.1011709554856175 -0.0586058031586294 
3.981590270996094e-05 0.06866962457636294 -0.09825940980174597 0.057941884071345484 
3.504753112792969e-05 -0.033813190638455115 -0.07169763967623144 -0.024836311511536202 
3.910064697265625e-05 -0.19986505041831304 -0.0026522872316077084 -0.08180368377336578 
3.4332275390625e-05 -0.03417134599537652 -0.07057012113362049 -0.023140176041749783 
3.3855438232421875e-05 0.004105302885280437 -0.09447016577440603 -0.022172190163216143 
3.910064697265625e-05 0.08341322913287508 -0.04898674961718896 0.031838030664741446 
3.9577484130859375e-05 -0.05563513635145512 -0.008731828282313892 -0.02037957480144925 
3.886222839355469e-05 -0.1906583578526848 0.044199427317162865 -0.06606195513999769 
3.7670135498046875e-05 0.20114128312554458 -0.18871786396535306 0.08203746238253107 
3.910064697265625e-05 -0.2300212124137504 0.05990515360293536 -0.0906743641485388 
3.7670135498046875e-05 -0.1639971774717921 0.05154680896890618 -0.11585729070141415 
3.933906555175781e-05 -0.1300300037686739 0.06934934086275923 -0.08060298247843267 
3.7670135498046875e-05 -0.13875857618375242 0.0372564333447718 -0.05896249360409023 
3.8623809814453125e-05 0.06743952544404053 -0.16846747230158154 0.02740931829932869 
3.8623809814453125e-05 -0.012206265132198357 -0.09480677639735635 -0.014619558289866497 
3.814697265625e-05 -0.06570098863360707 -0.04847830494859284 -0.009380985141545395 
6.532669067382812e-05 0.02272822151791809 -0.01921222509830489 -0.0006556763179377256 
3.3855438232421875e-05 -0.032504188428609915 -0.01302059429621405 -0.022150793640716593 
3.337860107421875e-05 -0.1576508237610934 0.1294065219597469 -0.10953755243953012 
2.765655517578125e-05 -0.06676932735609764 0.07820937393801142 -0.06002306999831486 
2.6464462280273438e-05 0.022311495017799388 -0.04114467950930667 -0.023221062860158348 
2.7179718017578125e-05 0.10716642341518856 -0.14179304604449516 0.06495654962404185 
2.3126602172851562e-05 -0.18274425942751193 0.1913385802752714 -0.13049018428788628 
5.221366882324219e-05 -0.056501991731415124 -0.03424447732558633 -0.025099220853162407 
2.4557113647460938e-05 -0.05716700058716029 -0.031918813944116664 -0.025099220853162407 
2.6702880859375e-05 0.04570984836082026 -0.002188236590654924 0.006486808335232297 
4.744529724121094e-05 0.008164830883808705 -0.13662606358047924 0.017792945620022316 
2.2411346435546875e-05 0.022114833112416576 0.022626873075902942 -0.007870430253083427 
1.9550323486328125e-05 0.09960498959577979 -0.24942063551905047 0.07522189997328432 
4.9114227294921875e-05 0.02150957968928946 0.024082921398643542 -0.007870430253082539 
2.09808349609375e-05 0.021253105722882637 0.02482832917878941 -0.007870430253083427 
2.0503997802734375e-05 0.11276545439942787 -0.0998684819154354 0.04955852410017947 
2.1457672119140625e-05 0.020982520851557496 0.026377259237052364 -0.007870430253083427 
2.0265579223632812e-05 -0.06709332643080756 0.1626462295648441 -0.06529938460634632 
3.0279159545898438e-05 0.1062278659090925 -0.11188276035759337 0.04955852410018036 
2.1219253540039062e-05 0.08092490060513935 -0.2923815825728413 0.07522189997328521 
2.1219253540039062e-05 -0.07808502718718646 -0.003452660006972863 -0.03963600873324058 
2.1219253540039062e-05 0.022725793173358433 0.02970442477964852 -0.007870430253083427 
2.09808349609375e-05 -0.042502019446584605 0.17828819417512332 -0.06529938460634632 
2.0742416381835938e-05 0.024136107457543687 0.030403470719395642 -0.007870430253083427 
6.318092346191406e-05 -0.030356354163438404 0.17900229468979667 -0.06529938460634632 
2.1219253540039062e-05 -0.024269767478234172 0.17904910812260955 -0.06529938460634632 
2.0742416381835938e-05 -0.06274306604848601 0.32748884268772294 -0.12272833895960922 
4.482269287109375e-05 -0.012254273256505854 0.18062573469898702 -0.06529938460634543 
2.002716064453125e-05 0.06217715187335493 -0.11933790132870659 0.04955852410017947 
1.811981201171875e-05 0.059454157074257274 -0.12299885891257656 0.04955852410017947 
1.9073486328125e-05 0.05889274845791448 -0.12753803253130958 0.04955852410017947 
1.8358230590820312e-05 0.06007691962359196 -0.13198528299643897 0.04955852410017947 
1.430511474609375e-05 0.06192454028231964 -0.13621628599672064 0.04955852410017947 
1.5020370483398438e-05 0.06343526824318158 -0.14057333751076317 0.04955852410017947 
4.220008850097656e-05 0.06393355845712545 -0.14514964540633368 0.04955852410017947 
4.0531158447265625e-05 0.06314284112439505 -0.14968258989446248 0.04955852410017947 
1.5497207641601562e-05 0.061187503165332835 -0.15385259754249692 0.04955852410017947 
1.6689300537109375e-05 0.05836032866434859 -0.1574931452934889 0.04955852410017947 
